10,266
10,116
10,4
10,294
10,102
10,112
10,312
10,190
11,6
11,14
11,16
11,26
11,24
11,4
11,10
9,6
9,4
8,13
8,10
8,14
131,4
131,3
131,1
128,4
128,3
128,2
128,1
126,3
126,2
126,1
125,3
125,2
125,1
124,5
124,3
124,1
123,4
123,3
123,1
122,4
122,1
121,4
121,3
121,1
38,3
38,1
21,3
21,2
21,1
21,0
20,3
20,2
20,1
19,3
19,2
19,1
12,3
12,2
12,1
11,29
11,27
11,23
18,1
11,17
18,3
11,15
11,13
11,12
14,1
11,7
14,3
13,1
11,3
13,3
11,2
11,1
10,301
10,284
10,282
10,208
10,167
10,143
10,140
10,135
10,128
10,111
10,109
10,105
10,96
10,10
10,3
10,2
10,1
9,7
9,5
9,3
9,2
9,1
8,18
8,17
8,16
8,15
8,12
8,9
8,8
8,7
8,6
8,5
8,4
8,3
8,2
8,1
3,3
3,2
